188 267
191 300
196 337
201 369
212 398
228 418
250 436
267 445
296 448
335 443
359 431
379 416
396 392
403 362
407 337
411 294
408 267
210 249
228 236
252 232
269 234
290 241
318 242
336 232
355 229
373 233
387 240
303 266
304 287
305 306
305 322
273 338
290 338
306 336
322 337
335 338
218 273
233 261
256 258
276 270
258 278
239 278
327 268
345 257
365 258
382 269
363 278
345 278
260 375
274 363
289 359
302 361
314 358
333 364
351 376
335 389
319 397
305 402
288 397
276 388
280 377
294 373
305 374
317 373
330 377
319 384
305 386
292 385